3 0.69140625 0.253125 0.1125 0.0859375
3 0.45 0.24453125 0.0984375 0.1140625
3 0.4671875 0.35234375 0.078125 0.125
3 0.3921875 0.4421875 0.103125 0.0953125
3 0.209375 0.39140625 0.1046875 0.13125
3 0.703125 0.578125 0.109375 0.0765625
3 0.55234375 0.55234375 0.1015625 0.0703125
3 0.4703125 0.50625 0.0953125 0.1125
3 0.115625 0.6359375 0.0828125 0.1328125
3 0.1609375 0.80625 0.1296875 0.140625
3 0.72109375 0.7046875 0.1359375 0.090625
3 0.55703125 0.734375 0.10625 0.1078125
3 0.94921875 0.82109375 0.1015625 0.1046875
3 0.90078125 0.6828125 0.065625 0.0890625
3 0.96484375 0.68203125 0.0703125 0.09375
3 0.5796875 0.65 0.0828125 0.1203125
3 0.51796875 0.64765625 0.059375 0.1015625
3 0.3734375 0.6640625 0.0984375 0.08125
3 0.45859375 0.659375 0.0625 0.0859375