3 0.525 0.1265625 0.0703125 0.1453125
3 0.64375 0.08125 0.0984375 0.1328125
3 0.8265625 0.69765625 0.1046875 0.2265625
3 0.61875 0.51328125 0.0859375 0.1546875
3 0.678125 0.7125 0.059375 0.16875
3 0.4609375 0.63515625 0.0921875 0.1140625
3 0.2515625 0.671875 0.1203125 0.084375
3 0.05703125 0.68046875 0.1140625 0.0859375
3 0.021875 0.4859375 0.04375 0.1640625
3 0.42890625 0.6796875 0.1109375 0.075
3 0.57578125 0.759375 0.140625 0.1203125
3 0.603125 0.6625 0.0828125 0.0921875
3 0.5390625 0.665625 0.08125 0.0890625
3 0.66875 0.5875 0.075 0.10625